 # mh   dmh     Chisq_mu    Chisq_mh    Chisq    ndf
 #----------------------------------------------------
   110.00000000000000        2.0000000000000000        1.0000000000000000        187.25403359850921        9.0600963999999974E-021   187.25403359850921               39          89   1.0000000000000000     
   110.09999999999999        2.0000000000000000        1.0000000000000000        187.25367406521028        8.9416184000000074E-021   187.25367406521028               39          89   1.0000000000000000     
   110.20000000000000        2.0000000000000000        1.0000000000000000        187.25331955692167        8.8239203999999961E-021   187.25331955692167               39          89   1.0000000000000000     
   110.30000000000000        2.0000000000000000        1.0000000000000000        187.25296998042106        8.7070023999999997E-021   187.25296998042106               39          89   1.0000000000000000     
   110.40000000000001        2.0000000000000000        1.0000000000000000        187.25262524538380        8.5908643999999851E-021   187.25262524538380               39          89   1.0000000000000000     
   110.50000000000000        2.0000000000000000        1.0000000000000000        185.78204751999564        8.7035163999999954E-021   185.78204751999564               40          89   1.0000000000000000     
   110.59999999999999        2.0000000000000000        1.0000000000000000        185.78171158763877        8.5859284000000019E-021   185.78171158763877               40          89   1.0000000000000000     
   110.70000000000000        2.0000000000000000        1.0000000000000000        185.78138024149533        8.4691403999999964E-021   185.78138024149533               40          89   1.0000000000000000     
   110.80000000000000        2.0000000000000000        1.0000000000000000        185.78105340180775        8.3531524000000031E-021   185.78105340180775               40          89   1.0000000000000000     
   110.90000000000001        2.0000000000000000        1.0000000000000000        185.78073099129273        8.2379643999999902E-021   185.78073099129273               40          89   1.0000000000000000     
   111.00000000000000        2.0000000000000000        1.0000000000000000        185.78041293473552        8.1235763999999984E-021   185.78041293473552               40          89   1.0000000000000000     
   111.09999999999999        2.0000000000000000        1.0000000000000000        185.78009915932455        8.0099884000000082E-021   185.78009915932455               40          89   1.0000000000000000     
   111.20000000000000        2.0000000000000000        1.0000000000000000        185.77978959410783        7.8972003999999985E-021   185.77978959410783               40          89   1.0000000000000000     
   111.30000000000000        2.0000000000000000        1.0000000000000000        185.77948417030717        7.7852123999999979E-021   185.77948417030717               40          89   1.0000000000000000     
   111.40000000000001        2.0000000000000000        1.0000000000000000        185.77918282088103        7.6740243999999943E-021   185.77918282088103               40          89   1.0000000000000000     
   111.50000000000000        2.0000000000000000        1.0000000000000000        185.77888548070342        7.5636363999999968E-021   185.77888548070342               40          89   1.0000000000000000     
   111.59999999999999        2.0000000000000000        1.0000000000000000        185.77859208638594        7.4540484000000114E-021   185.77859208638594               40          89   1.0000000000000000     
   111.70000000000000        2.0000000000000000        1.0000000000000000        185.77830257614289        7.3452603999999974E-021   185.77830257614289               40          89   1.0000000000000000     
   111.80000000000000        2.0000000000000000        1.0000000000000000        185.77801688987606        7.2372724000000015E-021   185.77801688987606               40          89   1.0000000000000000     
   111.90000000000001        2.0000000000000000        1.0000000000000000        185.77773496901878        7.1300843999999892E-021   185.77773496901878               40          89   1.0000000000000000     
   112.00000000000000        2.0000000000000000        1.0000000000000000        185.77745675627693        7.0236964000000009E-021   185.77745675627693               40          89   1.0000000000000000     
   112.09999999999999        2.0000000000000000        1.0000000000000000        185.77718219605538        6.9181084000000052E-021   185.77718219605538               40          89   1.0000000000000000     
   112.20000000000000        2.0000000000000000        1.0000000000000000        185.77691123386757        6.8133203999999975E-021   185.77691123386757               40          89   1.0000000000000000     
   112.30000000000000        2.0000000000000000        1.0000000000000000        185.77664381660986        6.7093324000000026E-021   185.77664381660986               40          89   1.0000000000000000     
   112.40000000000001        2.0000000000000000        1.0000000000000000        185.77637989234859        6.6061443999999898E-021   185.77637989234859               40          89   1.0000000000000000     
   112.50000000000000        2.0000000000000000        1.0000000000000000        185.77611941037745        6.5037563999999958E-021   185.77611941037745               40          89   1.0000000000000000     
   112.59999999999999        2.0000000000000000        1.0000000000000000        185.77586232108089        6.4021684000000086E-021   185.77586232108089               40          89   1.0000000000000000     
   112.70000000000000        2.0000000000000000        1.0000000000000000        185.77560857590288        6.3013804000000011E-021   185.77560857590288               40          89   1.0000000000000000     
   112.80000000000000        2.0000000000000000        1.0000000000000000        185.77535812727359        6.2013924000000058E-021   185.77535812727359               40          89   1.0000000000000000     
   112.90000000000001        2.0000000000000000        1.0000000000000000        185.77511092872510        6.1022043999999947E-021   185.77511092872510               40          89   1.0000000000000000     
   113.00000000000000        2.0000000000000000        1.0000000000000000        185.77486693455916        6.0038164000000002E-021   185.77486693455916               40          89   1.0000000000000000     
   113.09999999999999        2.0000000000000000        1.0000000000000000        181.54715866232942        6.0649884000000033E-021   181.54715866232942               41          89   1.0000000000000000     
   113.20000000000000        2.0000000000000000        1.0000000000000000        181.54691845612655        5.9656903999999939E-021   181.54691845612655               41          89   1.0000000000000000     
   113.30000000000000        2.0000000000000000        1.0000000000000000        181.54668135611325        5.8672124000000006E-021   181.54668135611325               41          89   1.0000000000000000     
   113.40000000000001        2.0000000000000000        1.0000000000000000        181.54644731994318        5.7695543999999956E-021   181.54644731994318               41          89   1.0000000000000000     
   113.50000000000000        2.0000000000000000        1.0000000000000000        181.54621630587664        5.6727163999999961E-021   181.54621630587664               41          89   1.0000000000000000     
   113.59999999999999        2.0000000000000000        1.0000000000000000        181.54598827297201        5.5766984000000067E-021   181.54598827297201               41          89   1.0000000000000000     
   113.70000000000000        2.0000000000000000        1.0000000000000000        181.54576318087607        5.4815003999999995E-021   181.54576318087607               41          89   1.0000000000000000     
   113.80000000000000        2.0000000000000000        1.0000000000000000        181.54554098989721        5.3871224000000039E-021   181.54554098989721               41          89   1.0000000000000000     
   113.90000000000001        2.0000000000000000        1.0000000000000000        181.54532166089044        5.2935643999999949E-021   181.54532166089044               41          89   1.0000000000000000     
   114.00000000000000        2.0000000000000000        1.0000000000000000        181.54510515537032        5.2008263999999991E-021   181.54510515537032               41          89   1.0000000000000000     
   114.09999999999999        2.0000000000000000        1.0000000000000000        181.54489143541656        5.1089084000000043E-021   181.54489143541656               41          89   1.0000000000000000     
   114.20000000000000        2.0000000000000000        1.0000000000000000        181.54468046349132        5.0178103999999970E-021   181.54468046349132               41          89   1.0000000000000000     
   114.30000000000000        2.0000000000000000        1.0000000000000000        181.54447220267352        4.9275324000000012E-021   181.54447220267352               41          89   1.0000000000000000     
   114.40000000000001        2.0000000000000000        1.0000000000000000        181.54426661648466        4.8380743999999959E-021   181.54426661648466               41          89   1.0000000000000000     
   114.50000000000000        2.0000000000000000        1.0000000000000000        181.54406366879601        4.7494363999999985E-021   181.54406366879601               41          89   1.0000000000000000     
   114.59999999999999        2.0000000000000000        1.0000000000000000        181.54386332403021        4.6616184000000058E-021   181.54386332403021               41          89   1.0000000000000000     
   114.70000000000000        2.0000000000000000        1.0000000000000000        181.54366554696662        4.5746203999999984E-021   181.54366554696662               41          89   1.0000000000000000     
   114.80000000000000        2.0000000000000000        1.0000000000000000        181.54347030277140        4.4884424000000025E-021   181.54347030277140               41          89   1.0000000000000000     
   114.90000000000001        2.0000000000000000        1.0000000000000000        181.54327755687422        4.4030843999999941E-021   181.54327755687422               41          89   1.0000000000000000     
   115.00000000000000        2.0000000000000000        1.0000000000000000        181.54308727524571        4.3185463999999995E-021   181.54308727524571               41          89   1.0000000000000000     
   115.09999999999999        2.0000000000000000        1.0000000000000000        181.54288067264108        4.2348284000000052E-021   181.54288067264108               41          89   1.0000000000000000     
   115.20000000000000        2.0000000000000000        1.0000000000000000        181.54267806973638        4.1519303999999984E-021   181.54267806973638               41          89   1.0000000000000000     
   115.30000000000000        2.0000000000000000        1.0000000000000000        181.54247936757366        4.0698524000000024E-021   181.54247936757366               41          89   1.0000000000000000     
   115.40000000000001        2.0000000000000000        1.0000000000000000        181.54228447016803        3.9885943999999947E-021   181.54228447016803               41          89   1.0000000000000000     
   115.50000000000000        2.0000000000000000        1.0000000000000000        181.54209328429857        3.9081563999999993E-021   181.54209328429857               41          89   1.0000000000000000     
   115.59999999999999        2.0000000000000000        1.0000000000000000        181.54190571937744        3.8285384000000033E-021   181.54190571937744               41          89   1.0000000000000000     
   115.70000000000000        2.0000000000000000        1.0000000000000000        181.54172168727749        3.7497403999999964E-021   181.54172168727749               41          89   1.0000000000000000     
   115.80000000000000        2.0000000000000000        1.0000000000000000        181.54154110234592        3.6717624000000026E-021   181.54154110234592               41          89   1.0000000000000000     
   115.90000000000001        2.0000000000000000        1.0000000000000000        181.54136388118539        3.5946043999999970E-021   181.54136388118539               41          89   1.0000000000000000     
   116.00000000000000        2.0000000000000000        1.0000000000000000        181.54118994273401        3.5182663999999976E-021   181.54118994273401               41          89   1.0000000000000000     
   116.09999999999999        2.0000000000000000        1.0000000000000000        181.54101920789424        3.4427484000000024E-021   181.54101920789424               41          89   1.0000000000000000     
   116.20000000000000        2.0000000000000000        1.0000000000000000        181.54085159972496        3.3680503999999980E-021   181.54085159972496               41          89   1.0000000000000000     
   116.30000000000000        2.0000000000000000        1.0000000000000000        181.54068704310160        3.2941724000000032E-021   181.54068704310160               41          89   1.0000000000000000     
   116.40000000000001        2.0000000000000000        1.0000000000000000        181.54052546491147        3.2211143999999941E-021   181.54052546491147               41          89   1.0000000000000000     
   116.50000000000000        2.0000000000000000        1.0000000000000000        181.54036679367013        3.1488764000000003E-021   181.54036679367013               41          89   1.0000000000000000     
   116.59999999999999        2.0000000000000000        1.0000000000000000        181.54021095975307        3.0774584000000023E-021   181.54021095975307               41          89   1.0000000000000000     
   116.70000000000000        2.0000000000000000        1.0000000000000000        181.54005789504870        3.0068603999999974E-021   181.54005789504870               41          89   1.0000000000000000     
   116.80000000000000        2.0000000000000000        1.0000000000000000        181.53990753306229        2.9370824000000029E-021   181.53990753306229               41          89   1.0000000000000000     
   116.90000000000001        2.0000000000000000        1.0000000000000000        181.53975980884832        2.8681243999999948E-021   181.53975980884832               41          89   1.0000000000000000     
   117.00000000000000        2.0000000000000000        1.0000000000000000        167.68998765566570        13.207217122517813        180.89720477818346               43          89   1.0000000000000000     
   117.09999999999999        2.0000000000000000        1.0000000000000000        167.68977677094355        12.857835331584900        180.54761210252846               43          89   1.0000000000000000     
   117.20000000000000        2.0000000000000000        1.0000000000000000        140.48359646163632        12.513136942675166        152.99673340431153               45          89   1.0000000000000000     
   117.30000000000000        2.0000000000000000        1.0000000000000000        140.48338915630958        12.173121955788710        152.65651111209829               45          89   1.0000000000000000     
   117.40000000000001        2.0000000000000000        1.0000000000000000        140.48318444929222        11.837790370925438        152.32097482021763               45          89   1.0000000000000000     
   117.50000000000000        2.0000000000000000        1.0000000000000000        140.48298228301039        11.507142188085441        151.99012447109581               45          89   1.0000000000000000     
   117.59999999999999        2.0000000000000000        1.0000000000000000        140.48278260091877        11.181177407268674        151.66396000818747               45          89   1.0000000000000000     
   117.70000000000000        2.0000000000000000        1.0000000000000000        140.48258534760689        10.859896028475090        151.34248137608196               45          89   1.0000000000000000     
   117.80000000000000        2.0000000000000000        1.0000000000000000        140.48239046881872        10.543298051704783        151.02568852052349               45          89   1.0000000000000000     
   117.90000000000001        2.0000000000000000        1.0000000000000000        140.48219791121943        10.231383476957658        150.71358138817712               45          89   1.0000000000000000     
   118.00000000000000        2.0000000000000000        1.0000000000000000        140.48200762254692        9.9241523042338091        150.40615992678073               45          89   1.0000000000000000     
   118.09999999999999        2.0000000000000000        1.0000000000000000        140.48181955131903        9.6216045335331888        150.10342408485226               45          89   1.0000000000000000     
   118.20000000000000        2.0000000000000000        1.0000000000000000        140.48163364721466        9.3237401648557565        149.80537381207040               45          89   1.0000000000000000     
   118.30000000000000        2.0000000000000000        1.0000000000000000        140.48144986054103        9.0305591982015958        149.51200905874265               45          89   1.0000000000000000     
   118.40000000000001        2.0000000000000000        1.0000000000000000        140.48126814254849        8.7420616335706232        149.22332977611913               45          89   1.0000000000000000     
   118.50000000000000        2.0000000000000000        1.0000000000000000        140.48108844542753        8.4582474709629221        148.93933591639043               45          89   1.0000000000000000     
   118.59999999999999        2.0000000000000000        1.0000000000000000        140.48091072198983        8.1791167103784481        148.66002743236831               45          89   1.0000000000000000     
   118.70000000000000        2.0000000000000000        1.0000000000000000        140.48073492585419        7.9046693518171658        148.38540427767134               45          89   1.0000000000000000     
   118.80000000000000        2.0000000000000000        1.0000000000000000        140.48056101136271        7.6349053952791515        148.11546640664187               45          89   1.0000000000000000     
   118.90000000000001        2.0000000000000000        1.0000000000000000        140.48038893357733        7.3698248407643288        147.85021377434168               45          89   1.0000000000000000     
   119.00000000000000        2.0000000000000000        1.0000000000000000        140.48021864829096        7.1094276882727740        147.58964633656373               45          89   1.0000000000000000     
   119.09999999999999        2.0000000000000000        1.0000000000000000        140.48005011188491        6.8537139378044474        147.33376404968939               45          89   1.0000000000000000     
   119.20000000000000        2.0000000000000000        1.0000000000000000        140.47988328142614        6.6026835893593159        147.08256687078546               45          89   1.0000000000000000     
   119.30000000000000        2.0000000000000000        1.0000000000000000        140.47971811456065        6.3563366429374479        146.83605475749812               45          89   1.0000000000000000     
   119.40000000000001        2.0000000000000000        1.0000000000000000        140.47955456959824        6.1146730985387761        146.59422766813702               45          89   1.0000000000000000     
   119.50000000000000        2.0000000000000000        1.0000000000000000        140.47939260538456        5.8776929561633677        146.35708556154790               45          89   1.0000000000000000     
   119.59999999999999        2.0000000000000000        1.0000000000000000        140.47923218131197        5.6453962158111892        146.12462839712313               45          89   1.0000000000000000     
   119.70000000000000        2.0000000000000000        1.0000000000000000        139.25912023023247        5.4177828774822068        144.67690310771465               47          89   1.0000000000000000     
   119.80000000000000        2.0000000000000000        1.0000000000000000        139.25896240791405        5.1948529411764879        144.45381534909058               47          89   1.0000000000000000     
   119.90000000000001        2.0000000000000000        1.0000000000000000        110.92065911211373        5.6061657293727167        116.52682484148644               71          89   1.0000000000000000     
   120.00000000000000        2.0000000000000000        1.0000000000000000        110.92092826120204        5.3761671229220296        116.29709538412406               71          89   1.0000000000000000     
   120.09999999999999        2.0000000000000000        1.0000000000000000        110.92120177573031        5.1510693002310726        116.07227107596137               71          89   1.0000000000000000     
   120.20000000000000        2.0000000000000000        1.0000000000000000        110.92147646568559        4.9308722612998315        115.85234872698543               71          89   1.0000000000000000     
   120.30000000000000        2.0000000000000000        1.0000000000000000        110.92175226774086        4.7155760061283845        115.63732827386924               71          89   1.0000000000000000     
   120.40000000000001        2.0000000000000000        1.0000000000000000        110.92202912020926        4.5051805347166383        115.42720965492589               71          89   1.0000000000000000     
   120.50000000000000        2.0000000000000000        1.0000000000000000        110.92230696295525        4.2996858470646693        115.22199281001991               71          89   1.0000000000000000     
   120.59999999999999        2.0000000000000000        1.0000000000000000        110.92258573734664        4.0990919431724562        115.02167768051909               71          89   1.0000000000000000     
   120.70000000000000        2.0000000000000000        1.0000000000000000        110.92286538624167        3.9033988230399670        114.82626420928160               71          89   1.0000000000000000     
   120.80000000000000        2.0000000000000000        1.0000000000000000        110.92314585381332        3.7126064866672395        114.63575234048055               71          89   1.0000000000000000     
   120.90000000000001        2.0000000000000000        1.0000000000000000        110.92342708576423        3.5267149340542394        114.45014201981847               71          89   1.0000000000000000     
   121.00000000000000        2.0000000000000000        1.0000000000000000        110.92370902898351        3.3457241652010064        114.26943319418450               71          89   1.0000000000000000     
   121.09999999999999        2.0000000000000000        1.0000000000000000        110.92399163149365        3.1696341801075265        114.09362581160117               71          89   1.0000000000000000     
   121.20000000000000        2.0000000000000000        1.0000000000000000        110.92427484270515        2.9984449787737688        113.92271982147891               71          89   1.0000000000000000     
   121.30000000000000        2.0000000000000000        1.0000000000000000        110.92455861312931        2.8321565611997768        113.75671517432909               71          89   1.0000000000000000     
   121.40000000000001        2.0000000000000000        1.0000000000000000        110.92484289438579        2.6707689273855122        113.59561182177129               71          89   1.0000000000000000     
   121.50000000000000        2.0000000000000000        1.0000000000000000        110.92512763909860        2.5142820773310253        113.43940971642962               71          89   1.0000000000000000     
   121.59999999999999        2.0000000000000000        1.0000000000000000        110.92541280109053        2.3626960110362747        113.28810881212682               71          89   1.0000000000000000     
   121.70000000000000        2.0000000000000000        1.0000000000000000        110.92569833517338        2.2160107285012494        113.14170906367464               71          89   1.0000000000000000     
   121.80000000000000        2.0000000000000000        1.0000000000000000        110.92598419699252        2.0742262297259981        113.00021042671852               71          89   1.0000000000000000     
   121.90000000000001        2.0000000000000000        1.0000000000000000        110.92627034330920        1.9373425147104739        112.86361285801966               71          89   1.0000000000000000     
   122.00000000000000        2.0000000000000000        1.0000000000000000        110.92655673161013        1.8053595834547138        112.73191631506486               71          89   1.0000000000000000     
   122.09999999999999        2.0000000000000000        1.0000000000000000        110.92684332045349        1.6782774359587025        112.60512075641222               71          89   1.0000000000000000     
   122.20000000000000        2.0000000000000000        1.0000000000000000        110.92713006921802        1.5560960722224189        112.48322614144045               71          89   1.0000000000000000     
   122.30000000000000        2.0000000000000000        1.0000000000000000        110.92741693805812        1.4388154922458973        112.36623243030402               71          89   1.0000000000000000     
   122.40000000000001        2.0000000000000000        1.0000000000000000        110.92770388800375        1.3264356960291113        112.25413958403283               71          89   1.0000000000000000     
   122.50000000000000        2.0000000000000000        1.0000000000000000        110.92799088080241        1.2189566835720897        112.14694756437450               71          89   1.0000000000000000     
   122.59999999999999        2.0000000000000000        1.0000000000000000        110.92827787906526        1.1163784548748095        112.04465633394008               71          89   1.0000000000000000     
   122.70000000000000        2.0000000000000000        1.0000000000000000        110.92856484601920        1.0187010099372640        111.94726585595646               71          89   1.0000000000000000     
   122.80000000000000        2.0000000000000000        1.0000000000000000        110.92885174579611       0.92592434875947993        111.85477609455559               71          89   1.0000000000000000     
   122.90000000000001        2.0000000000000000        1.0000000000000000        93.892573590097726        4.5398660979701049        98.432439688067817               74          89   1.0000000000000000     
   123.00000000000000        2.0000000000000000        1.0000000000000000        93.893053406714429        4.4425228328118234        98.335576239526247               74          89   1.0000000000000000     
   123.09999999999999        2.0000000000000000        1.0000000000000000        93.893532907424600        4.3501082898468377        98.243641197271444               74          89   1.0000000000000000     
   123.20000000000000        2.0000000000000000        1.0000000000000000        93.894012059394441        4.2626224690751382        98.156634528469581               74          89   1.0000000000000000     
   123.30000000000000        2.0000000000000000        1.0000000000000000        93.894490830219155        4.1800653704967665        98.074556200715918               74          89   1.0000000000000000     
   123.40000000000001        2.0000000000000000        1.0000000000000000        93.894969188478669        4.1024369941116783        97.997406182590339               74          89   1.0000000000000000     
   123.50000000000000        2.0000000000000000        1.0000000000000000        93.895447102982274        4.0297373399199055        97.925184442902165               74          89   1.0000000000000000     
   123.59999999999999        2.0000000000000000        1.0000000000000000        93.895924543474578        3.9619664079214383        97.857890951396016               74          89   1.0000000000000000     
   123.70000000000000        2.0000000000000000        1.0000000000000000        93.896401480153784        3.8991241981162630        97.795525678270053               74          89   1.0000000000000000     
   123.80000000000000        2.0000000000000000        1.0000000000000000        93.896877883759629        3.8412107105044022        97.738088594264042               74          89   1.0000000000000000     
   123.90000000000001        2.0000000000000000        1.0000000000000000        93.897353725660551        3.7882259450858342        97.685579670746364               74          89   1.0000000000000000     
   124.00000000000000        2.0000000000000000        1.0000000000000000        68.301533693822748        7.4564457886873061        75.757979482510081               85          89   1.0000000000000000     
   124.09999999999999        2.0000000000000000        1.0000000000000000        68.302005393135659        7.4034057331824830        75.705411126318126               85          89   1.0000000000000000     
   124.20000000000000        2.0000000000000000        1.0000000000000000        68.302476520145689        7.3553076380666980        75.657784158212365               85          89   1.0000000000000000     
   124.30000000000000        2.0000000000000000        1.0000000000000000        68.302947049017106        7.3121515033399715        75.615098552357068               85          89   1.0000000000000000     
   124.40000000000001        2.0000000000000000        1.0000000000000000        68.303416954350567        7.2739373290022824        75.577354283352847               85          89   1.0000000000000000     
   124.50000000000000        2.0000000000000000        1.0000000000000000        68.303886211233362        7.2406651150536501        75.544551326286992               85          89   1.0000000000000000     
   124.59999999999999        2.0000000000000000        1.0000000000000000        68.304354795344167        7.2123348614940639        75.516689656838238               85          89   1.0000000000000000     
   124.70000000000000        2.0000000000000000        1.0000000000000000        68.304822682780411        7.1889465683235212        75.493769251103927               85          89   1.0000000000000000     
   124.80000000000000        2.0000000000000000        1.0000000000000000        68.305289850255619        7.1705002355420309        75.475790085797641               85          89   1.0000000000000000     
   124.90000000000001        2.0000000000000000        1.0000000000000000        68.305756274782610        7.1569958631495858        75.462752137932213               85          89   1.0000000000000000     
   125.00000000000000        2.0000000000000000        1.0000000000000000        68.306221934193729        7.1484334511461904        75.454655385339905               85          89   1.0000000000000000     
   125.09999999999999        2.0000000000000000        1.0000000000000000        68.306694555048963        7.1448129995318430        75.451507554580800               85          89   1.0000000000000000     
   125.20000000000000        2.0000000000000000        1.0000000000000000        68.307166408141569        7.1461345083065444        75.453300916448129               85          89   1.0000000000000000     
   125.30000000000000        2.0000000000000000        1.0000000000000000        68.307637466686458        7.1523979774702919        75.460035444156745               85          89   1.0000000000000000     
   125.40000000000001        2.0000000000000000        1.0000000000000000        68.308107704451785        7.1636034070230892        75.471711111474875               85          89   1.0000000000000000     
   125.50000000000000        2.0000000000000000        1.0000000000000000        68.308577096107001        7.1797507969649308        75.488327893071926               85          89   1.0000000000000000     
   125.59999999999999        2.0000000000000000        1.0000000000000000        68.309045617058885        7.2008401472958221        75.509885764354692               85          89   1.0000000000000000     
   125.70000000000000        2.0000000000000000        1.0000000000000000        68.309513243339310        7.2268714580157649        75.536384701355075               85          89   1.0000000000000000     
   125.80000000000000        2.0000000000000000        1.0000000000000000        68.309979951685264        7.2578447291247512        75.567824680810020               85          89   1.0000000000000000     
   125.90000000000001        2.0000000000000000        1.0000000000000000        68.310445719561159        7.2937599606227890        75.604205680183938               85          89   1.0000000000000000     
   126.00000000000000        2.0000000000000000        1.0000000000000000        68.310910525070781        7.3346171525098756        75.645527677580631               85          89   1.0000000000000000     
   126.09999999999999        2.0000000000000000        1.0000000000000000        68.311374347035297        7.3804163047859985        75.691790651821293               85          89   1.0000000000000000     
   126.20000000000000        2.0000000000000000        1.0000000000000000        68.311837164801716        7.4311574174511836        75.742994582252905               85          89   1.0000000000000000     
   126.30000000000000        2.0000000000000000        1.0000000000000000        68.312298958455557        7.4868404905054096        75.799139448960943               85          89   1.0000000000000000     
   126.40000000000001        2.0000000000000000        1.0000000000000000        68.312759708615374        7.5474655239486879        75.860225232564062               85          89   1.0000000000000000     
   126.50000000000000        2.0000000000000000        1.0000000000000000        68.313219396603188        7.6130325177810105        75.926251914384181               85          89   1.0000000000000000     
   126.59999999999999        2.0000000000000000        1.0000000000000000        68.313678004235314        7.6835414720023785        75.997219476237703               85          89   1.0000000000000000     
   126.70000000000000        2.0000000000000000        1.0000000000000000        68.314135513908255        7.7589923866128032        76.073127900521030               85          89   1.0000000000000000     
   126.80000000000000        2.0000000000000000        1.0000000000000000        96.377723970789773        5.0056661893984042        101.38339016018818               61          89   1.0000000000000000     
   126.90000000000001        2.0000000000000000        1.0000000000000000        96.377791033134955        5.0761218697784498        101.45391290291339               61          89   1.0000000000000000     
   127.00000000000000        2.0000000000000000        1.0000000000000000        96.377857554814511        5.1514805493946083        101.52933810420912               61          89   1.0000000000000000     
   127.09999999999999        2.0000000000000000        1.0000000000000000        96.377923519806743        5.2317422282468939        101.60966574805366               61          89   1.0000000000000000     
   127.20000000000000        2.0000000000000000        1.0000000000000000        96.377988912516003        5.3169069063353138        101.69489581885131               61          89   1.0000000000000000     
   127.30000000000000        2.0000000000000000        1.0000000000000000        96.378053717891518        5.4069745836598440        101.78502830155136               61          89   1.0000000000000000     
   127.40000000000001        2.0000000000000000        1.0000000000000000        96.378117921407664        5.5019452602205199        101.88006318162822               61          89   1.0000000000000000     
   127.50000000000000        2.0000000000000000        1.0000000000000000        96.378181509086502        5.6018189360173025        101.98000044510381               61          89   1.0000000000000000     
   127.59999999999999        2.0000000000000000        1.0000000000000000        96.378244467305933        5.7065956110502105        102.08484007835612               61          89   1.0000000000000000     
   127.70000000000000        2.0000000000000000        1.0000000000000000        96.378306783073299        5.8162752853192581        102.19458206839258               61          89   1.0000000000000000     
   127.80000000000000        2.0000000000000000        1.0000000000000000        96.378368443827796        5.9308579588244159        102.30922640265223               61          89   1.0000000000000000     
   127.90000000000001        2.0000000000000000        1.0000000000000000        96.378429437445860        6.0503436315657160        102.42877306901157               61          89   1.0000000000000000     
   128.00000000000000        2.0000000000000000        1.0000000000000000        96.378489752372190        6.1747323035431219        102.55322205591530               61          89   1.0000000000000000     
   128.09999999999999        2.0000000000000000        1.0000000000000000        96.378549377481946        6.3040239747566655        102.68257335223862               61          89   1.0000000000000000     
   128.19999999999999        2.0000000000000000        1.0000000000000000        96.378608301925965        6.4382186452063230        102.81682694713228               61          89   1.0000000000000000     
   128.30000000000001        2.0000000000000000        1.0000000000000000        110.06708440723476        1.8070062479005977        111.87409065513536               59          89   1.0000000000000000     
   128.40000000000001        2.0000000000000000        1.0000000000000000        110.06716986036015        1.9316874706080165        111.99885733096816               59          89   1.0000000000000000     
   128.50000000000000        2.0000000000000000        1.0000000000000000        110.06725439632008        2.0612326503191278        112.12848704663919               59          89   1.0000000000000000     
   128.59999999999999        2.0000000000000000        1.0000000000000000        110.75079843757557        2.1956417870339306        112.94644022460950               58          89   1.0000000000000000     
   128.69999999999999        2.0000000000000000        1.0000000000000000        110.75087999698859        2.3349148807524363        113.08579487774104               58          89   1.0000000000000000     
   128.80000000000001        2.0000000000000000        1.0000000000000000        110.75096061545989        2.4790519314746673        113.23001254693455               58          89   1.0000000000000000     
   128.90000000000001        2.0000000000000000        1.0000000000000000        110.75104028561928        2.6280529392005612        113.37909322481984               58          89   1.0000000000000000     
   129.00000000000000        2.0000000000000000        1.0000000000000000        110.75111900085155        2.7819179039301458        113.53303690478170               58          89   1.0000000000000000     
   129.09999999999999        2.0000000000000000        1.0000000000000000        110.75119675466452        2.9406468256634222        113.69184358032793               58          89   1.0000000000000000     
   129.19999999999999        2.0000000000000000        1.0000000000000000        110.75127354115423        3.1042397044003982        113.85551324555463               58          89   1.0000000000000000     
   129.30000000000001        2.0000000000000000        1.0000000000000000        110.75134935478977        3.2726965401411130        114.02404589493089               58          89   1.0000000000000000     
   129.40000000000001        2.0000000000000000        1.0000000000000000        110.75142419049261        3.4460173328854795        114.19744152337809               58          89   1.0000000000000000     
   129.50000000000000        2.0000000000000000        1.0000000000000000        110.75149804340980        3.6242020826335350        114.37570012604333               58          89   1.0000000000000000     
   129.59999999999999        2.0000000000000000        1.0000000000000000        110.75157090931256        3.8072507893852938        114.55882169869787               58          89   1.0000000000000000     
   129.69999999999999        2.0000000000000000        1.0000000000000000        110.75164278434299        3.9951634531407447        114.74680623748374               58          89   1.0000000000000000     
   129.80000000000001        2.0000000000000000        1.0000000000000000        110.75171366482654        4.1879400738999362        114.93965373872649               58          89   1.0000000000000000     
   129.90000000000001        2.0000000000000000        1.0000000000000000        110.75178354786462        4.3855806516627744        115.13736419952740               58          89   1.0000000000000000     
   130.00000000000000        2.0000000000000000        1.0000000000000000        110.75185243053680        4.5880851864293062        115.33993761696611               58          89   1.0000000000000000     
   130.09999999999999        2.0000000000000000        1.0000000000000000        110.75192541796642        4.7954536781995234        115.54737909616594               58          89   1.0000000000000000     
   130.19999999999999        2.0000000000000000        1.0000000000000000        110.75199735795964        5.0076861269734518        115.75968348493311               58          89   1.0000000000000000     
   130.30000000000001        2.0000000000000000        1.0000000000000000        110.75206824874215        5.2247825327511315        115.97685078149327               58          89   1.0000000000000000     
   130.40000000000001        2.0000000000000000        1.0000000000000000        111.96163606021331        5.4467428955324335        117.40837895574575               56          89   1.0000000000000000     
   130.50000000000000        2.0000000000000000        1.0000000000000000        111.96170380274647        5.6735672153174397        117.63527101806390               56          89   1.0000000000000000     
   130.59999999999999        2.0000000000000000        1.0000000000000000        111.96177049306250        5.9052554921061482        117.86702598516864               56          89   1.0000000000000000     
   130.69999999999999        2.0000000000000000        1.0000000000000000        111.96183613066145        6.1418077258985422        118.10364385656000               56          89   1.0000000000000000     
   130.80000000000001        2.0000000000000000        1.0000000000000000        111.96190071586045        6.3832239166947007        118.34512463255516               56          89   1.0000000000000000     
   130.90000000000001        2.0000000000000000        1.0000000000000000        111.96196424906947        6.6295040644944851        118.59146831356395               56          89   1.0000000000000000     
   131.00000000000000        2.0000000000000000        1.0000000000000000        111.96202673132258        6.8806481692979649        118.84267490062057               56          89   1.0000000000000000     
   131.09999999999999        2.0000000000000000        1.0000000000000000        111.96208816392205        7.1366562311051380        119.09874439502720               56          89   1.0000000000000000     
   131.19999999999999        2.0000000000000000        1.0000000000000000        111.96214854856818        7.3975282499159967        119.35967679848416               56          89   1.0000000000000000     
   131.30000000000001        2.0000000000000000        1.0000000000000000        111.96220788732479        7.6632642257306465        119.62547211305544               56          89   1.0000000000000000     
   131.40000000000001        2.0000000000000000        1.0000000000000000        111.96226618258298        7.9338641585489036        119.89613034113189               56          89   1.0000000000000000     
   131.50000000000000        2.0000000000000000        1.0000000000000000        111.96232343735886        8.2093280483708568        120.17165148572974               56          89   1.0000000000000000     
   131.59999999999999        2.0000000000000000        1.0000000000000000        111.96237965465183        8.4896558951964938        120.45203554984830               56          89   1.0000000000000000     
   131.69999999999999        2.0000000000000000        1.0000000000000000        111.96243483807189        8.7748476990258446        120.73728253709774               56          89   1.0000000000000000     
   131.80000000000001        2.0000000000000000        1.0000000000000000        111.96248899152262        9.0649034598589537        121.02739245138159               56          89   1.0000000000000000     
   131.90000000000001        2.0000000000000000        1.0000000000000000        111.96254211925591        9.3598231776956968        121.32236529695160               56          89   1.0000000000000000     
   132.00000000000000        2.0000000000000000        1.0000000000000000        154.20000160311366        1.9539656000000022E-021   154.20000160311366               43          89   1.0000000000000000     
   132.09999999999999        2.0000000000000000        1.0000000000000000        154.19988437034846        2.0123235999999976E-021   154.19988437034846               43          89   1.0000000000000000     
   132.19999999999999        2.0000000000000000        1.0000000000000000        154.19976614197694        2.0715415999999941E-021   154.19976614197694               43          89   1.0000000000000000     
   132.30000000000001        2.0000000000000000        1.0000000000000000        154.19964692356169        2.1316196000000086E-021   154.19964692356169               43          89   1.0000000000000000     
   132.40000000000001        2.0000000000000000        1.0000000000000000        154.19952672111469        2.1925576000000036E-021   154.19952672111469               43          89   1.0000000000000000     
   132.50000000000000        2.0000000000000000        1.0000000000000000        154.19940554084337        2.2543556000000011E-021   154.19940554084337               43          89   1.0000000000000000     
   132.59999999999999        2.0000000000000000        1.0000000000000000        154.19928338941747        2.3170135999999968E-021   154.19928338941747               43          89   1.0000000000000000     
   132.69999999999999        2.0000000000000000        1.0000000000000000        154.19916027377656        2.3805315999999943E-021   154.19916027377656               43          89   1.0000000000000000     
   132.80000000000001        2.0000000000000000        1.0000000000000000        154.19903620121832        2.4449096000000095E-021   154.19903620121832               43          89   1.0000000000000000     
   132.90000000000001        2.0000000000000000        1.0000000000000000        154.19891117937681        2.5101476000000044E-021   154.19891117937681               43          89   1.0000000000000000     
   133.00000000000000        2.0000000000000000        1.0000000000000000        154.19878521617542        2.5762455999999992E-021   154.19878521617542               43          89   1.0000000000000000     
   133.09999999999999        2.0000000000000000        1.0000000000000000        154.19865831990447        2.6432035999999966E-021   154.19865831990447               43          89   1.0000000000000000     
   133.19999999999999        2.0000000000000000        1.0000000000000000        154.19853049907948        2.7110215999999918E-021   154.19853049907948               43          89   1.0000000000000000     
   133.30000000000001        2.0000000000000000        1.0000000000000000        154.19840176268804        2.7796996000000080E-021   154.19840176268804               43          89   1.0000000000000000     
   133.40000000000001        2.0000000000000000        1.0000000000000000        154.19827211989016        2.8492376000000050E-021   154.19827211989016               43          89   1.0000000000000000     
   133.50000000000000        2.0000000000000000        1.0000000000000000        154.19814158011593        2.9196355999999986E-021   154.19814158011593               43          89   1.0000000000000000     
   133.59999999999999        2.0000000000000000        1.0000000000000000        154.19801015334841        2.9908935999999956E-021   154.19801015334841               43          89   1.0000000000000000     
   133.69999999999999        2.0000000000000000        1.0000000000000000        181.52503314478813        2.9239003999999915E-021   181.52503314478813               41          89   1.0000000000000000     
   133.80000000000001        2.0000000000000000        1.0000000000000000        181.52490263278176        2.9935224000000081E-021   181.52490263278176               41          89   1.0000000000000000     
   133.90000000000001        2.0000000000000000        1.0000000000000000        181.52477119692628        3.0639644000000050E-021   181.52477119692628               41          89   1.0000000000000000     
   134.00000000000000        2.0000000000000000        1.0000000000000000        181.52463884835765        3.1352264000000027E-021   181.52463884835765               41          89   1.0000000000000000     
   134.09999999999999        2.0000000000000000        1.0000000000000000        181.52450559815549        3.2073083999999972E-021   181.52450559815549               41          89   1.0000000000000000     
   134.19999999999999        2.0000000000000000        1.0000000000000000        181.52437145785507        3.2802103999999916E-021   181.52437145785507               41          89   1.0000000000000000     
   134.30000000000001        2.0000000000000000        1.0000000000000000        181.52423643926986        3.3539324000000073E-021   181.52423643926986               41          89   1.0000000000000000     
   134.40000000000001        2.0000000000000000        1.0000000000000000        181.52410055447049        3.4284744000000053E-021   181.52410055447049               41          89   1.0000000000000000     
   134.50000000000000        2.0000000000000000        1.0000000000000000        181.52396381574820        3.5038364000000024E-021   181.52396381574820               41          89   1.0000000000000000     
   134.59999999999999        2.0000000000000000        1.0000000000000000        181.52382623568269        3.5800183999999953E-021   181.52382623568269               41          89   1.0000000000000000     
   134.69999999999999        2.0000000000000000        1.0000000000000000        181.52368782726757        3.6570203999999937E-021   181.52368782726757               41          89   1.0000000000000000     
   134.80000000000001        2.0000000000000000        1.0000000000000000        181.52354860338016        3.7348424000000082E-021   181.52354860338016               41          89   1.0000000000000000     
   134.90000000000001        2.0000000000000000        1.0000000000000000        181.52340857754970        3.8134844000000064E-021   181.52340857754970               41          89   1.0000000000000000     
   135.00000000000000        2.0000000000000000        1.0000000000000000        181.52326776326902        3.8929464000000027E-021   181.52326776326902               41          89   1.0000000000000000     
   135.09999999999999        2.0000000000000000        1.0000000000000000        181.52312845244302        3.9732283999999955E-021   181.52312845244302               41          89   1.0000000000000000     
   135.19999999999999        2.0000000000000000        1.0000000000000000        181.52298835982958        4.0543303999999908E-021   181.52298835982958               41          89   1.0000000000000000     
   135.30000000000001        2.0000000000000000        1.0000000000000000        181.52284749998870        4.1362524000000089E-021   181.52284749998870               41          89   1.0000000000000000     
   135.40000000000001        2.0000000000000000        1.0000000000000000        181.52270588750275        4.2189944000000070E-021   181.52270588750275               41          89   1.0000000000000000     
   135.50000000000000        2.0000000000000000        1.0000000000000000        181.52256353749476        4.3025564000000032E-021   181.52256353749476               41          89   1.0000000000000000     
   135.59999999999999        2.0000000000000000        1.0000000000000000        181.52242046491858        4.3869383999999966E-021   181.52242046491858               41          89   1.0000000000000000     
   135.69999999999999        2.0000000000000000        1.0000000000000000        181.52227668526552        4.4721403999999910E-021   181.52227668526552               41          89   1.0000000000000000     
   135.80000000000001        2.0000000000000000        1.0000000000000000        181.52213221415045        4.5581624000000120E-021   181.52213221415045               41          89   1.0000000000000000     
   135.90000000000001        2.0000000000000000        1.0000000000000000        181.52198706723954        4.6450044000000063E-021   181.52198706723954               41          89   1.0000000000000000     
   136.00000000000000        2.0000000000000000        1.0000000000000000        181.52184126060118        4.7326664000000038E-021   181.52184126060118               41          89   1.0000000000000000     
   136.09999999999999        2.0000000000000000        1.0000000000000000        181.52169481027008        4.8211483999999948E-021   181.52169481027008               41          89   1.0000000000000000     
   136.19999999999999        2.0000000000000000        1.0000000000000000        181.52154773278082        4.9104503999999936E-021   181.52154773278082               41          89   1.0000000000000000     
   136.30000000000001        2.0000000000000000        1.0000000000000000        181.52140004453207        5.0005724000000146E-021   181.52140004453207               41          89   1.0000000000000000     
   136.40000000000001        2.0000000000000000        1.0000000000000000        181.52125176234864        5.0915144000000094E-021   181.52125176234864               41          89   1.0000000000000000     
   136.50000000000000        2.0000000000000000        1.0000000000000000        181.52110290299387        5.1832764000000023E-021   181.52110290299387               41          89   1.0000000000000000     
   136.59999999999999        2.0000000000000000        1.0000000000000000        181.52095348361053        5.2758583999999962E-021   181.52095348361053               41          89   1.0000000000000000     
   136.69999999999999        2.0000000000000000        1.0000000000000000        181.52080352147979        5.3692603999999904E-021   181.52080352147979               41          89   1.0000000000000000     
   136.80000000000001        2.0000000000000000        1.0000000000000000        181.52065303375579        5.4634824000000090E-021   181.52065303375579               41          89   1.0000000000000000     
   136.90000000000001        2.0000000000000000        1.0000000000000000        181.52050203818538        5.5585244000000030E-021   181.52050203818538               41          89   1.0000000000000000     
   137.00000000000000        2.0000000000000000        1.0000000000000000        181.52035055237019        5.6543864000000040E-021   181.52035055237019               41          89   1.0000000000000000     
   137.09999999999999        2.0000000000000000        1.0000000000000000        181.52019859415844        5.7510683999999941E-021   181.52019859415844               41          89   1.0000000000000000     
   137.19999999999999        2.0000000000000000        1.0000000000000000        181.52004618149385        5.8485703999999919E-021   181.52004618149385               41          89   1.0000000000000000     
   137.30000000000001        2.0000000000000000        1.0000000000000000        181.51989333246820        5.9468924000000156E-021   181.51989333246820               41          89   1.0000000000000000     
   137.40000000000001        2.0000000000000000        1.0000000000000000        181.51974006529861        6.0460344000000088E-021   181.51974006529861               41          89   1.0000000000000000     
   137.50000000000000        2.0000000000000000        1.0000000000000000        181.51958639830156        6.1459963999999999E-021   181.51958639830156               41          89   1.0000000000000000     
   137.59999999999999        2.0000000000000000        1.0000000000000000        181.51943235000198        6.2467783999999981E-021   181.51943235000198               41          89   1.0000000000000000     
   137.69999999999999        2.0000000000000000        1.0000000000000000        181.51927793891110        6.3483803999999868E-021   181.51927793891110               41          89   1.0000000000000000     
   137.80000000000001        2.0000000000000000        1.0000000000000000        181.51912318363713        6.4508024000000104E-021   181.51912318363713               41          89   1.0000000000000000     
   137.90000000000001        2.0000000000000000        1.0000000000000000        181.51896810311894        6.5540444000000049E-021   181.51896810311894               41          89   1.0000000000000000     
   138.00000000000000        2.0000000000000000        1.0000000000000000        181.51881271602005        6.6581064000000057E-021   181.51881271602005               41          89   1.0000000000000000     
   138.09999999999999        2.0000000000000000        1.0000000000000000        181.51865704138027        6.7629883999999918E-021   181.51865704138027               41          89   1.0000000000000000     
   138.19999999999999        2.0000000000000000        1.0000000000000000        181.51850109822729        6.8686903999999894E-021   181.51850109822729               41          89   1.0000000000000000     
   138.30000000000001        2.0000000000000000        1.0000000000000000        181.51834490570189        6.9752124000000159E-021   181.51834490570189               41          89   1.0000000000000000     
   138.40000000000001        2.0000000000000000        1.0000000000000000        185.74582993539167        6.9212644000000088E-021   185.74582993539167               40          89   1.0000000000000000     
   138.50000000000000        2.0000000000000000        1.0000000000000000        185.74567398426262        7.0268764000000024E-021   185.74567398426262               40          89   1.0000000000000000     
   138.59999999999999        2.0000000000000000        1.0000000000000000        185.74551783519783        7.1332883999999990E-021   185.74551783519783               40          89   1.0000000000000000     
   138.69999999999999        2.0000000000000000        1.0000000000000000        185.74536150731012        7.2405003999999867E-021   185.74536150731012               40          89   1.0000000000000000     
   138.80000000000001        2.0000000000000000        1.0000000000000000        185.74520501947578        7.3485124000000135E-021   185.74520501947578               40          89   1.0000000000000000     
   138.90000000000001        2.0000000000000000        1.0000000000000000        185.74504839098529        7.4573244000000088E-021   185.74504839098529               40          89   1.0000000000000000     
   139.00000000000000        2.0000000000000000        1.0000000000000000        185.74489164094243        7.5669364000000087E-021   185.74489164094243               40          89   1.0000000000000000     
   139.09999999999999        2.0000000000000000        1.0000000000000000        185.74473478850553        7.6773483999999935E-021   185.74473478850553               40          89   1.0000000000000000     
   139.19999999999999        2.0000000000000000        1.0000000000000000        185.74457785285352        7.7885603999999905E-021   185.74457785285352               40          89   1.0000000000000000     
   139.30000000000001        2.0000000000000000        1.0000000000000000        185.74442085322030        7.9005724000000190E-021   185.74442085322030               40          89   1.0000000000000000     
   139.40000000000001        2.0000000000000000        1.0000000000000000        185.74426380872771        8.0133844000000071E-021   185.74426380872771               40          89   1.0000000000000000     
   139.50000000000000        2.0000000000000000        1.0000000000000000        185.74410673865395        8.1269964000000027E-021   185.74410673865395               40          89   1.0000000000000000     
   139.59999999999999        2.0000000000000000        1.0000000000000000        185.74394966233808        8.2414083999999968E-021   185.74394966233808               40          89   1.0000000000000000     
   139.69999999999999        2.0000000000000000        1.0000000000000000        185.74379259882335        8.3566203999999865E-021   185.74379259882335               40          89   1.0000000000000000     
   139.80000000000001        2.0000000000000000        1.0000000000000000        185.74363556744447        8.4726324000000138E-021   185.74363556744447               40          89   1.0000000000000000     
   139.90000000000001        2.0000000000000000        1.0000000000000000        185.74347858741129        8.5894444000000111E-021   185.74347858741129               40          89   1.0000000000000000     
   140.00000000000000        2.0000000000000000        1.0000000000000000        185.74332167776083        8.7070563999999994E-021   185.74332167776083               40          89   1.0000000000000000     
